[25, '', '', 14]
[0, 40002, 40001, 30000]
[4, 30000, '', 20002]
[30, 45000, '--', 35000]
[30, 45001, '--', 35001]
[0, 40000, 40002, 30001]
[44, 30001, '', '']
[43, '', '', '']
[30, 45002, '--', 35002]
[0, 20001, 40000, 30002]
[44, 30002, '', '']
[43, '', '', '']
[30, 45001, '--', 35003]
[43, '', '', '']
[2, 40003, 40001, 30003]
[4, 30003, '', 10003]
[0, 40001, 40004, 30004]
[0, 42500, 30004, 32500]
[4, 32500, '', 12505]
[4, 45003, '', 15001]
[4, 40001, '', 10004]
[31, 40005, 40006, 40007]
[32, 40000, '--', 30005]
[34, 40006, 40008, '--']
[34, 40006, 40006, '--']
[34, 40009, 40009, '--']
[34, 40010, 40010, '--']
[34, 40007, 40007, '--']
[34, 40011, 40011, '--']
[34, 40010, 40010, '--']
[34, 40011, 40011, '--']
[35, 40010, 40012, '--']
[35, 40007, 40013, '--']
[8, 10004, 40006, 37500]
[27, 37500, '', 38]
[0, 10004, 40011, 30006]
[4, 30006, '', 10004]
[25, '', '', 33]
%%
[5, 40000]
[3, 40001]
[2, 40002]
['"si"', 45000]
['"hola!"', 45001]
['"no"', 45002]
[9, 40003]
[3.4, 42500]
[4, 40004]
['"hola2"', 45003]
[200, 40005]
[100, 40006]
[20, 40007]
[0, 40008]
[50, 40009]
[30, 40010]
[10, 40011]
[25, 40012]
[15, 40013]
